Vehicle;Service;Distance;Time
0;4;627,925894642352;124,896866825247
0;5;1095,33893126991;144,255542435701
0;6;256,940132257748;48,8820287367602
0;7;390,897478322134;72,8308208501911
0;8;390,897478322134;72,8308208501911
0;9;2537,63972922215;329,755881818953
0;10;319,037879432953;57,0756271629136
0;11;2612,33786505654;350,134147599029
0;12;211,549228954781;57,7285712466315
0;13;530,08714160743;97,8524766067324
0;14;2351,71633972658;306,369397775272
0;15;2232,27397806311;282,769547735502
0;16;600,113213650645;112,894353793844
0;17;2310,91482339303;303,431688599256
0;18;2551,11494154448;345,042034308031
0;19;2540,12720879296;344,934980348051
------------------------------------------------------
Vehicle;Service;Distance;Time
1;4;2625,65015042305;336,595160089348
1;5;1545,96047753767;229,70545793447
1;6;2300,18892598267;295,315921786058
1;7;2454,33463218299;294,260442776063
1;8;2454,33463218299;294,260442776063
1;9;9,12684094184217;0,657132547812636
1;10;2528,02024973174;307,514833071939
1;11;196,720627426113;44,1638851746801
1;12;2736,61244083998;339,584444999366
1;13;2527,81139738813;289,550769870833
1;14;348,639960724323;55,1020771721513
1;15;468,08230481448;78,7019259466425
1;16;2597,83746943135;324,592647057945
1;17;482,438588847731;69,7355783970366
1;18;766,257232704299;155,614944945833
1;19;268,931284668272;49,3630524961156
------------------------------------------------------
Vehicle;Service;Distance;Time
2;4;186,32130349217;43,4151338514362
2;5;1194,50515278095;173,898483622609
2;6;356,106353768793;78,5249699236682
2;7;490,063699833179;102,473762037099
2;8;490,063699833179;102,473762037099
2;9;2636,80595073319;359,398823005861
2;10;418,204100943998;86,7185683498216
2;11;2711,50408754616;379,777088856395
2;12;310,715450465826;67,3715124335395
2;13;172,669717836822;67,4322196842512
2;14;2450,88256123763;336,01233896218
2;15;2331,44019957416;312,41248892241
2;16;678,208042128497;118,830979033252
2;17;2410,08104490408;333,074629786164
2;18;2650,28116305553;374,684975494939
2;19;2639,293430304;374,577921534959
------------------------------------------------------
Vehicle;Service;Distance;Time
3;4;1411,66135023897;224,367640211612
3;5;1977,58205005434;232,149046744148
3;6;1208,77359454608;172,41403802152
3;7;1342,73094061046;196,362830134951
3;8;1342,73094061046;196,362830134951
3;9;2025,66628273166;274,178060291837
3;10;1270,87134172128;180,607636447673
3;11;2040,19181888289;281,893810959568
3;12;1163,38269124311;181,260580531391
3;13;1347,49894466374;254,747947010195
3;14;2181,29598463246;325,02448743252
3;15;2300,73832872262;348,624336207011
3;16;1551,94667593897;236,426363078604
3;17;2315,09461275587;339,657988657406
3;18;2598,91325661244;405,537355206202
3;19;2382,78178000962;344,648744986194
------------------------------------------------------
Service;Service;Distance;Time
4;5;1234,88574613328;201,805886343977
4;6;396,486947121124;106,432372645036
4;7;530,44429318551;130,381164758467
4;8;530,44429318551;130,381164758467
4;9;2677,18654408552;387,306225727229
4;10;458,584694296329;114,625971071189
4;11;2751,88468089849;407,684491577763
4;12;351,096043818157;95,2789151549073
4;13;213,050311189153;95,339622405619
4;14;2491,26315458996;363,919741683548
4;15;2371,82079292649;340,319891643778
4;16;739,660028514021;170,44469770212
4;17;2450,46163825641;360,982032507532
4;18;2690,66175640786;402,592378216307
4;19;2679,67402365633;402,485324256327
5;6;888,554776728524;133,27980696212
5;7;954,83214807923;128,747914661705
5;8;954,83214807923;128,747914661705
5;9;1661,62063473291;226,29136763146
5;10;882,972549190049;132,992720974427
5;11;1736,31877154589;246,669633481994
5;12;1569,92816067637;257,221859320618
5;13;1361,12711722453;207,188184192085
5;14;1475,69724523735;202,90488358778
5;15;1356,25488357388;179,30503354801
5;16;1431,15318926774;242,230061379196
5;17;1434,8957289038;199,967174411764
5;18;1675,09584705525;241,577520120539
5;19;1664,10811430373;241,470466160559
6;7;133,957353799813;23,9487925112529
6;8;133,957353799813;23,9487925112529
6;9;2280,69960469983;280,873853480014
6;10;62,0977549106317;8,19359882397534
6;11;2355,3977415128;301,252119330548
6;12;481,948060536954;99,004123396327
6;13;273,147017085109;48,9704482677942
6;14;2094,77621520426;257,487369436334
6;15;1975,33385354079;233,887519396564
6;16;343,173089128324;64,0123254549056
6;17;2053,97469887071;254,549660260318
6;18;2294,17481702216;296,160005969093
6;19;2283,18708427064;296,052952009113
7;8;0;0
7;9;2346,97697605053;296,341961179599
7;10;128,375126261338;23,6617065235599
7;11;2421,6751128635;316,720227030133
7;12;347,990782184982;75,0553363173187
7;13;139,189738733137;25,0216611887858
7;14;2161,05358655497;272,955477135919
7;15;2041,6112248915;249,355627096149
7;16;209,215810776351;40,0635383758973
7;17;2120,25207022142;270,017767959903
7;18;2360,45218837287;311,628113668677
7;19;2349,46445562134;311,521059708697
8;9;2346,97697605053;296,341961179599
8;10;128,375126261338;23,6617065235599
8;11;2421,6751128635;316,720227030133
8;12;347,990782184982;75,0553363173187
8;13;139,189738733137;25,0216611887858
8;14;2161,05358655497;272,955477135919
8;15;2041,6112248915;249,355627096149
8;16;209,215810776351;40,0635383758973
8;17;2120,25207022142;270,017767959903
8;18;2360,45218837287;311,628113668677
8;19;2349,46445562134;311,521059708697
9;10;2607,03494651463;362,805435162668
9;11;205,847468367955;44,8210177224928
9;12;2815,62713762287;394,875047090095
9;13;2606,82609417102;344,841371961562
9;14;357,766801666165;55,7592097199639
9;15;477,209145756322;79,3590584944552
9;16;2734,78290749439;451,779202629116
9;17;491,565429789573;70,3927109448493
9;18;775,384073646141;156,272077493646
9;19;278,058125610114;50,0201850439282
10;11;2293,30016001026;293,058529424704
10;12;476,365832998478;98,717037408634
10;13;267,564789546633;48,6833622801011
10;14;2032,67863370173;249,29377953049
10;15;1913,23627203826;225,69392949072
10;16;337,590861589848;63,7252394672126
10;17;1991,87711736818;246,356070354474
10;18;2232,07723551963;287,966416063248
10;19;2221,08950276811;287,859362103268
11;12;2668,88565190204;379,309660118196
11;13;2460,0846084502;329,275984989663
11;14;211,025315945338;40,1938227480644
11;15;330,467660035495;63,7936715225556
11;16;2588,04142177357;436,213815657217
11;17;344,823944068746;54,8273239729497
11;18;628,642587925314;140,706690521746
11;19;72,2106572421592;5,19916732143546
12;13;589,250795943593;92,4260573079387
12;14;2410,87999406275;320,942978476479
12;15;2291,43763239928;297,343128436709
12;16;659,276867986808;107,46793449505
12;17;2370,07847772919;318,005269300463
12;18;2610,27859588065;359,615615009237
12;19;2599,29086312912;359,508561049257
13;14;2348,96884819578;318,674551623167
13;15;2229,52648653231;295,074701583397
13;16;597,365722119843;125,199507641739
13;17;2308,16733186223;315,736842447151
13;18;2548,36745001368;357,347188155926
13;19;2537,37971726216;357,240134195946
14;15;119,442669667457;23,5998722160569
14;16;2377,01643140553;396,020016350718
14;17;133,798953700709;14,633524666451
14;18;975,584481404895;188,657683391259
14;19;792,094927808734;156,130498330465
15;16;2321,85863103872;402,048654724308
15;17;78,6411533339032;20,662163040041
15;18;526,404960146702;102,217094332432
15;19;515,417227395178;102,110040372453
16;17;2538,74532065343;374,054680069987
16;18;2778,94543880488;415,665025778761
16;19;2767,95770605335;415,557971818782
17;18;1002,953349375;216,52857835687
17;19;991,965616623473;216,42152439689
18;19;68,9928502217136;9,96748521596338
------------------------------------------------------